<?xml version="1.0"?>
<opencv_storage>
<images>
s000017.png
s000065.png
s000087.png
s000089.png
s000103.png
s000128.png
s000162.png
s000177.png
s000269.png
s000353.png
s000365.png
s000431.png
s000468.png
s000511.png
s000570.png
s000474.png
s000545.png
</images>
</opencv_storage>