%YAML:1.0
calibration_time: "10/25/11 15:18:58"
nframes: 16
image_width: 176
image_height: 144
board_width: 4
board_height: 11
square_size: 100.
flags: 0
camera_matrix: !!opencv-matrix
   rows: 3
   cols: 3
   dt: d
   data: [ 1.9912851219107074e+002, 0., 8.4776638539880395e+001, 0.,
       2.1781498559041157e+002, 7.2461847004763442e+001, 0., 0., 1. ]
distortion_coefficients: !!opencv-matrix
   rows: 5
   cols: 1
   dt: d
   data: [ 2.4994368173560022e-001, -1.0822562585899052e+000,
       -3.0747215288859913e-003, 5.4687030731466347e-003,
       1.7434893973858620e-001 ]
avg_reprojection_error: 1.1266944739703365e-001
per_view_reprojection_errors: !!opencv-matrix
   rows: 16
   cols: 1
   dt: f
   data: [ 2.19495475e-001, 7.66710192e-002, 1.21269248e-001,
       6.94739819e-002, 9.05507058e-002, 8.72386843e-002,
       8.51657838e-002, 6.83617964e-002, 1.00812472e-001,
       8.54427889e-002, 9.42678899e-002, 7.33797252e-002,
       8.76711607e-002, 1.97027057e-001, 1.09804139e-001,
       1.07176721e-001 ]
# a set of 6-tuples (rotation vector + translation vector) for each view
extrinsic_parameters: !!opencv-matrix
   rows: 16
   cols: 6
   dt: d
   data: [ -1.6777289350417546e-001, 4.9366350153963068e-002,
       1.5216453912318963e+000, 4.4654540847567461e+002,
       -3.2977265162800762e+002, 1.7559493672093147e+003,
       -5.1186010679244531e-001, -1.5556040338130672e-001,
       1.8633620674082891e+000, 4.6508571482661671e+002,
       -1.8125464563259777e+002, 2.3810883675772220e+003,
       -3.0205465783484509e-001, 2.8936685217729635e-001,
       1.5531232651581615e+000, 6.1523638315386097e+002,
       -4.6445864372247576e+002, 2.1296946352316581e+003,
       -3.1223619127584790e-001, 3.0770800257144221e-001,
       1.5305599956992413e+000, 5.5268916468118096e+002,
       -4.3147529578773367e+002, 2.1535747061430334e+003,
       -1.8885448035925215e-001, 4.3933480646243650e-001,
       1.5295648688201444e+000, 5.1382568731445713e+002,
       -4.5316694312626606e+002, 1.9020390378211503e+003,
       -2.5611427948735464e-002, 5.1800827709858521e-001,
       1.6925015350001633e+000, 3.1151012446706011e+002,
       -3.8706988734990068e+002, 1.8937365674571106e+003,
       4.0419807655236606e-001, 7.6384617375360370e-002,
       1.7980431824422891e+000, 5.3280349057157161e+002,
       -2.0038241737624338e+002, 1.9137486890477187e+003,
       4.1238844750818970e-001, -6.7567817754010995e-002,
       1.7970385460888263e+000, 5.3849375434622789e+002,
       -1.0718989441676119e+002, 1.9069602866925727e+003,
       6.6622380970315545e-002, 4.7251074065258941e-001,
       1.4783603455073044e+000, 3.7469116677075243e+002,
       -3.3159532610481244e+002, 1.7675778246228476e+003,
       -5.0008027001605404e-001, -2.0354316335567552e-001,
       1.5587921104493272e+000, 4.6176113953276649e+002,
       -2.8306535851957136e+002, 1.9754293058070468e+003,
       -5.0299280018138426e-001, -1.5623241607073890e-001,
       1.5534461504871162e+000, 4.7800639810732139e+002,
       -2.6671357681663073e+002, 1.8844789363177256e+003,
       4.7707993382955344e-001, 5.7438848316152091e-001,
       1.7864423693497515e+000, 4.0663373508449848e+002,
       -3.2124533735212009e+002, 1.4549496773066553e+003,
       3.8194296230513275e-001, -2.6031359351813804e-001,
       1.5457138896919858e+000, 5.7856612448543456e+002,
       -3.5121531689497760e+002, 1.5928041555788102e+003,
       -2.4628548812310500e-001, -1.1964422484075883e-001,
       1.4085422278646431e+000, 4.2782626170732448e+002,
       -4.4389842045702960e+002, 1.9401972946154144e+003,
       4.6069129175166190e-001, 5.5308046618343043e-001,
       1.7962274150214366e+000, 4.3051786406593510e+002,
       -2.0582035649979815e+002, 1.5333118233372161e+003,
       -7.3315602719848758e-002, -4.4264392610107139e-001,
       1.4028648279602802e+000, 5.1769536310545777e+002,
       -5.4253460113045173e+002, 2.1098148727171169e+003 ]
image_points: !!opencv-matrix
   rows: 16
   cols: 44
   dt: "2f"
   data: [ 1.36102875e+002, 3.06644440e+001, 1.38194809e+002,
       5.55890884e+001, 1.40475601e+002, 8.12462616e+001,
       1.42830765e+002, 1.07608650e+002, 1.25563919e+002,
       4.35294495e+001, 1.27534874e+002, 6.88766403e+001,
       1.29665054e+002, 9.48378220e+001, 1.31910522e+002,
       1.21771965e+002, 1.13119919e+002, 3.14935226e+001,
       1.14810059e+002, 5.65341949e+001, 1.16675224e+002,
       8.22525940e+001, 1.18689964e+002, 1.08687141e+002,
       1.02361198e+002, 4.44202728e+001, 1.03906425e+002,
       6.98671036e+001, 1.05672371e+002, 9.58945007e+001,
       1.07495285e+002, 1.23081429e+002, 9.00526047e+001,
       3.23000069e+001, 9.14616013e+001, 5.75129089e+001,
       9.28949509e+001, 8.32731247e+001, 9.44321060e+001,
       1.09862373e+002, 7.91197662e+001, 4.52435570e+001,
       8.03982849e+001, 7.07716751e+001, 8.16752548e+001,
       9.69972916e+001, 8.29525528e+001, 1.24365395e+002,
       6.67743912e+001, 3.29853745e+001, 6.79715805e+001,
       5.83498802e+001, 6.90212784e+001, 8.43430328e+001,
       7.00574493e+001, 1.11199104e+002, 5.55075073e+001,
       4.60035362e+001, 5.64767418e+001, 7.17548065e+001,
       5.72894058e+001, 9.83274307e+001, 5.80458870e+001,
       1.25868645e+002, 4.30476074e+001, 3.34814377e+001,
       4.38911934e+001, 5.91963348e+001, 4.45767822e+001,
       8.54826736e+001, 4.51421509e+001, 1.12725533e+002,
       3.13074265e+001, 4.66017265e+001, 3.18682232e+001,
       7.27515564e+001, 3.23044777e+001, 9.97101288e+001,
       3.26516685e+001, 1.27470032e+002, 1.88482075e+001,
       3.41331978e+001, 1.91747379e+001, 6.00172348e+001,
       1.94616833e+001, 8.67666245e+001, 1.96787567e+001,
       1.14097488e+002, 1.24178749e+002, 5.56300545e+001,
       1.20377853e+002, 7.28129883e+001, 1.16584076e+002,
       9.07988968e+001, 1.12681648e+002, 1.09588226e+002,
       1.15196930e+002, 6.07266998e+001, 1.11208168e+002,
       7.84979172e+001, 1.07130653e+002, 9.69612427e+001,
       1.02882332e+002, 1.16474998e+002, 1.10083153e+002,
       4.84966164e+001, 1.05874405e+002, 6.59498367e+001,
       1.01587952e+002, 8.43009262e+001, 9.71968613e+001,
       1.03427963e+002, 1.00593140e+002, 5.35305214e+001,
       9.60988541e+001, 7.16265945e+001, 9.14710770e+001,
       9.04706421e+001, 8.66496048e+001, 1.10392403e+002,
       9.53045959e+001, 4.08490906e+001, 9.06279526e+001,
       5.87775383e+001, 8.58314209e+001, 7.74681320e+001,
       8.08170776e+001, 9.70300598e+001, 8.51913986e+001,
       4.58897133e+001, 8.01889801e+001, 6.43450623e+001,
       7.50108032e+001, 8.36481705e+001, 6.94632339e+001,
       1.03966049e+002, 7.96075058e+001, 3.27126579e+001,
       7.45127258e+001, 5.10485687e+001, 6.91333084e+001,
       7.01943893e+001, 6.34409981e+001, 9.01848984e+001,
       6.87357025e+001, 3.76579514e+001, 6.31806374e+001,
       5.66325951e+001, 5.73083382e+001, 7.63981400e+001,
       5.10543098e+001, 9.72248688e+001, 6.28773422e+001,
       2.39093227e+001, 5.71447334e+001, 4.27732391e+001,
       5.11508904e+001, 6.24614372e+001, 4.47080154e+001,
       8.29654617e+001, 5.10659599e+001, 2.86929893e+001,
       4.48220673e+001, 4.82430344e+001, 3.82298355e+001,
       6.85749359e+001, 3.11678886e+001, 9.00319672e+001,
       4.48319550e+001, 1.44060307e+001, 3.84306412e+001,
       3.37413673e+001, 3.16171455e+001, 5.39896698e+001,
       2.43727722e+001, 7.51516724e+001, 1.43425552e+002,
       2.40698471e+001, 1.45457428e+002, 4.23883324e+001,
       1.47704987e+002, 6.20292664e+001, 1.50093124e+002,
       8.30689468e+001, 1.34709595e+002, 3.30401077e+001,
       1.36414124e+002, 5.20587120e+001, 1.38334381e+002,
       7.23715439e+001, 1.40473206e+002, 9.42126694e+001,
       1.24380524e+002, 2.39791374e+001, 1.25606094e+002,
       4.24121895e+001, 1.27045639e+002, 6.20073128e+001,
       1.28643417e+002, 8.30029373e+001, 1.15258072e+002,
       3.30535202e+001, 1.16214935e+002, 5.21182594e+001,
